Best found simple portfolio is:
R: 0.0555556
RGC: 0.0555556
RIG: 0.0555556
AN: 0.0555556
ATO: 0.0555556
THG: 0.0555556
D: 0.0555556
DCI: 0.0555556
WTM: 0.0555556
DUK: 0.0555556
ECL: 0.0555556
G: 0.0555556
GXP: 0.0555556
K: 0.0555556
KEX: 0.0555556
MRVL: 0.0555556
NE: 0.0555556
PDCO: 0.0555556

Min var: 0.213011
Number of stocks in portfolio is: 18
Stocks used: 100
Temperature: .0001
time: 30 seconds
